function fp = figureparams;

%% colors 
fp.blue = [0 0.4470 0.7410];
fp.orange = [0.8500 0.3250 0.0980];
fp.gold  = [0.9290 0.6940 0.1250];
fp.green = [0.4660 0.6740 0.1880];