function fp = figureparams;

%% colors 
 fp.blue = [0 0.4470 0.7410];
 fp.lightblue = [  0.5843    0.8157    0.9882];
 fp.orange = [0.8500 0.3250 0.0980];
% fp.gold  = [0.9290 0.6940 0.1250];
% fp.green = [0.4660 0.6740 0.1880];

fp.colors =  [0 0.4470 0.7410;...
    0.8500 0.3250 0.0980;...
    0.4660 0.6740 0.1880]; 

fp.saveplots = 0;